0,0.031374850655842224
1,0.07636179892980621
2,0.18826399863154109
3,0.672243991280844
4,0.3949411520471795
5,0.16266911769378734
6,-0.18115343602774203
7,0.06944403989713255
8,0.09867736419214346
9,-0.08180912042646682
10,0.10443250941609605
11,-0.3866779054323146
12,0.41557940898903567
13,0.04092979844893918
14,-0.25422433451820137
15,0.22636132229951844
16,0.12070248287308516
17,-0.019572458660266356
18,0.06359125166291069
19,0.005436564215868245
20,-0.09012118854646811
21,0.028094707497288596
22,0.05951010482688801
23,-0.7487621845237085
24,0.7650511900928683
25,0.015646878654165697
26,0.07710487878762251
27,-0.019872835039317138
28,0.023786830281487426
29,0.005893334907978165
30,0.024988335797688777
31,0.015274511242119537
32,0.06130326078667281
33,-0.22296119408597104
34,0.1192659721457261
35,0.008556175645675346
36,-0.0966260334933402
37,0.07520084008736116
38,-0.04720708553289388
39,-0.042812322587614915
40,0.09667071758278478
41,-0.010910365172942527
42,-0.0372235014743767
43,0.0332755794235533
44,-0.032198196378034005
45,-0.033199450974866984
46,0.0010235966415566011
47,-0.1639508890743624
48,0.0814400629469727
49,-0.07249414274335653
50,0.03199711797552851
51,-0.0793796299336531
52,0.016992366236357803
53,-0.07357897313711703
54,-0.05998259769861658
55,-0.07667127762337334
56,-0.010034060529927835
57,-0.03144684168883938
58,0.026930438722292394
59,-0.12033508035986706
60,-0.03070293434788507
61,0.028393428910063356
62,-0.0961510581721976
63,-0.0061059980744122555
64,-0.08055382850630544
65,0.039379922531690426
66,0.005716253516473202
67,-0.0373782408211607
68,-0.30380795162308516
69,0.2044288817300206
70,-0.13439898377126802
71,0.09692227245670004
72,-0.0375313252016678
73,0.026567173624762574
74,-0.09873859794434559
75,-0.04186237194532971
76,0.06644855093800928
77,-0.24067512561856041
78,0.13376016678882507
79,-0.005711288617645138
80,0.06663969954285776
81,-0.09927646198396722
82,-0.0011559939436178723
83,-0.07315943918621315
84,-0.11705907461699994
85,0.051409872390184574
86,0.047725089977205926
87,0.030660732707852745
88,-0.12179889803077515
89,0.08823618195837923
90,0.028006994284671904
91,0.07376929425882928
92,-0.04024050499508469
93,-0.041341057568464734
94,0.10058967772378224
95,-0.01847687098571349
96,-0.04123513972681714
97,-0.0060306971088657235
98,-0.008541280949193819
99,0.04019168348995095
100,0.044385368032724415
101,0.03939895464386112
102,0.031016550457142245
103,0.0015722179619714893
104,-0.01326951959903866
105,0.09076497042773823
106,-0.2109916504965419
107,0.12153079349410234
108,0.037892107849783585
109,-0.008291381041553691
110,-0.027330940561025585
111,0.019709820861153915
112,0.11994202586937419
113,0.03522264724698232
114,-0.004048874993644702
115,-0.0698221996911439
116,-0.02207973256804152
117,-0.024378480725070872
118,-0.01450329695761532
119,-0.3832256457810814
120,0.5769204162465265
121,-0.1363791509202148
122,-0.11357702557280369
123,0.232241417477292
124,-0.23809503319465186
125,0.0069045193024681595
126,-0.16430339689109985
127,0.06434922621720673
128,-0.027187785978171064
129,0.11710127625703315
130,-0.027938313184229457
131,-0.0901352557598134
132,0.0322850821075118
133,0.06104508604765435
134,-0.03754208248246016
135,-0.04524429552984266
136,-0.054343300113968596
137,0.04174652430602599
138,-0.33178184658224197
139,0.2761228482790461
140,-0.3629134171955499
141,0.08944596230595891
142,-0.10250530118797485
143,0.258086198322685
144,0.09045631921731001
145,-0.24147861174544083
146,0.1843897225799882
147,-0.18685727729714507
148,0.020044951531994926
149,-0.08234284705040018
150,0.134371676827719
151,-0.02784067017396019
152,-0.03756028711149284
153,-0.036487041481663596
154,0.14618730855350037
155,0.18688541172383566
156,-0.08481122925069506
157,-0.03550730144641534
158,-0.2783628451332856
159,0.02390102295451335
160,0.129338924383136
161,0.09698433369204018
162,-0.43480928963021803
163,0.47688515222512073
164,0.04282804476723534
165,-0.09363964684873238
166,-0.1192469400335554
167,0.27430735027454034
168,-0.20768502787757726
169,-0.002057950563905564
170,0.05442770339403147
171,-0.32207877930746776
172,0.27146163576337123
173,-0.02400445834674869
174,0.01445613041875582
175,0.20881371487764433
176,-0.16264843061533973
177,-0.014327043049249255
178,-0.19861912261896641
179,0.19555826249195007
180,0.013374609957548245
181,0.03779446483951432
182,-0.26338540033766655
183,-0.05217777674213764
184,0.35206180332539816
185,-0.6183334648479875
186,0.4402375790147097
187,0.16517970153411454
188,-0.12131813032766736
189,-0.2170554469309245
190,0.33295935508744456
191,-0.270107873349799
192,0.3313647950807521
193,-0.1624597644599053
194,-0.0511368029546837
195,-0.11316576645327636
196,-0.0140887279055395
197,-0.09001692567109565
198,0.17378552616806253
199,0.07198772306297485
200,-0.03139636521742872
201,-0.3628149467021409
202,0.31214401675408254
203,-0.05594613495203937
204,0.05179547953243535
205,-0.1453465856854148
206,-0.055103757117679564
207,-0.3704584084467353
208,0.4281621175836321
209,-0.44828237008117533
210,0.5433783872525755
211,-0.050050317594648064
212,0.20473256804162254
213,-0.20922497399716988
214,-0.45046692556517876
215,0.39851836165223453
216,-0.09512249663181294
217,0.33659366102901345
218,-0.1544811720444681
219,0.2563277966546895
220,-0.3704617183792873
221,-0.12244598984459643
222,0.3574296864408204
223,-0.008938472855374968
224,-0.23925599203709602
225,0.3958373162855029
226,-0.5480139477909773
227,0.34296528119068626
228,-0.07062899575057635
229,0.12157134016785776
230,-0.2788386479375671
231,0.052117370473071745
232,-0.2266592162291552
233,0.2643469357438821
234,0.1328995843254308
235,0.0507412660147768
236,-0.24889699807653187
237,0.29566882747890055
238,-0.1995765206094937
239,0.13725297311381546
240,-0.08362710088038838
241,-0.06573112305746776
242,0.2524800000635512
243,-0.001531671288214298
244,-0.1157193794167739
245,0.009054320494678691
246,-0.008940955304790776
247,-0.01613343873923867
248,-0.13711147349723696
249,0.20419056658631085
250,-0.03784080389523581
251,-0.36995943611459303
252,0.17798334812652428
253,-0.003582174503881319
254,-0.5519221506511816
255,0.6916435059652919
256,-0.43484487140514894
257,0.5114722924222139
258,-0.2559248123665423
259,0.2648939020980201
260,-0.38936308821473276
261,0.10596666315372438
262,0.12289531318846514
263,-0.0009557430242512766
264,0.22333935387998238
265,-0.1958271945117609
266,-0.20513224239721595
267,-0.15930374377203194
268,0.11210245062110324
269,0.08872605197600159
270,-0.02643063890701214
271,0.19732493899132386
272,-0.004611563527403106
273,0.024484398566720245
274,-0.14030142099376341
275,0.006590903193210096
276,-0.11025633574049287
277,0.1431512729206208
278,-0.0400741808843712
279,-0.004667832380778947
280,-0.007555748531979489
281,0.14657705311144298
282,-0.0010889678094496702
283,-0.2909141093686447
284,0.3273895660863779
285,-0.07576601107053271
286,-0.07664645312923568
287,0.09516966317067066
288,-0.20074244435076594
289,-0.026783974206887606
290,0.11252363953828315
291,-0.12135288461945848
292,0.18820028242992493
293,-0.21845223846766437
294,0.24242690742145
295,-0.09892560913350579
296,-0.07951119975257726
297,-0.027343352808093968
298,-0.4198723915083544
299,0.5918407647056334
300,0.1294191902475088
301,-0.29437050643556795
302,-0.03670632451320088
303,0.16626866934356244
304,-0.14918610744517657
305,0.09676339569422865
306,-0.13842799916960402
307,0.04001460209844332
308,0.027873769499475287
309,0.04845410262167782
310,-0.19671177398615391
311,0.3048745773878121
312,-0.026753357330786542
313,-0.1750085462458486
314,0.13686984842097694
315,-0.25632448672213926
316,0.23438625377067623
317,-0.10497699332082178
318,-0.021782666121541894
319,0.1256102853638481
320,-0.09298262523725498
321,-0.20508011095953194
322,0.26932590178450333
323,-0.170469801234578
324,0.09220065367195929
325,0.0493568867251053
326,-0.09545266240382588
327,0.018015135394776394
328,-0.3667976230447554
329,0.18510218556170344
330,0.22710274719105783
331,-0.13687150338725296
332,-0.02034615539418283
333,0.13495836237247438
334,0.004043082611680404
335,-0.24999920561618794
336,0.150726881047909
337,0.19711062085861286
338,-0.11471481488738888
339,-0.010447802098868308
340,-0.11304578139828436
341,-0.04900520639150585
342,0.26035267463733724
343,-0.10379948481561918
344,-0.016534768061109872
345,-0.05279259671358183
346,-0.04744788312601678
347,0.16959846149039137
348,-0.2673176002088695
349,0.2309091696253045
350,0.03858719368560237
351,-0.11222243567609524
352,-0.0730080097719803
353,0.06893844769988888
354,0.21808814588699832
355,-0.5070154682415939
356,0.3163592158584425
357,-0.030587086708582234
358,0.10954966514074371
359,-0.13574447135346013
360,0.060900276498525585
361,-0.0700762370144723
362,0.21814937963920045
363,0.14897013434619133
364,-0.39483854413808395
365,-0.0789029996462336
366,0.19161613282309098
367,-0.06008437812457679
368,-0.030815472054635862
369,0.2840766162003465
370,-0.024624243217022723
371,-0.014777193876254202
372,-0.06553666452006368
373,-0.1648611205260302
374,-0.0631311710382505
375,0.3942667532898092
376,-0.19858685077658933
377,0.024506740611441202
378,0.08287243625864349
379,-0.07044860442651846
380,-0.09250351250042321
381,0.08255551021683516
382,-0.1765286327701343
383,0.06760288991535113
384,0.19681272692897522
385,-0.2175916560042701
386,0.16032899537986367
387,-0.024854283529352372
388,0.10306716223859524
389,-0.3820307601299824
390,0.09979694887769419
391,0.12209927440982682
392,-0.14317361496534353
393,-0.0037509810640088403
394,0.2496351130355201
395,0.008034861268811255
396,-0.12900213874601718
397,0.046953875692702596
398,-0.23959360515735106
399,0.21619734691694248
400,0.09071449395632847
401,0.06567485420409014
402,0.046544271539453064
403,-0.11541486562203396
404,0.02205904548959481
405,0.1292106644967621
406,0.04732376065533472
407,-0.139429253766437
408,-0.022994928918537383
409,0.15212450006778688
410,-0.08232795235391777
411,-0.10772589230485607
412,-0.15589865065965647
413,0.1640369473207013
414,-0.14500897256515977
415,0.29896965771590267
416,-0.1315061027212412
417,-0.11916253675349076
418,0.15654574247347774
419,-0.08667058386151005
420,0.12457262150894799
421,-0.08193158793087463
422,-0.10960510651098154
423,0.061795613253712744
424,-0.04645407587742412
425,0.06613824476130326
426,-0.08928212064465768
427,0.14874423144954818
428,0.016848384170367936
429,-0.018501695479850255
430,-0.10495299630982302
431,0.0853888124809341
432,-0.054040441285502894
433,-0.01088802312822068
434,-0.13903537179280612
435,0.30138921841106203
436,-0.15408894503711323
437,0.08678643150081378
438,-0.21095027633965024
439,0.2693126620542987
440,-0.1378644831527076
441,0.08645461076252303
442,-0.18703270372237668
443,0.24317577966123238
444,0.009268638627389691
445,-0.042756053734239075
446,-0.1648222288185508
447,0.1161008491433364
448,0.008754771598766808
449,-0.06769308557738007
450,0.005564824102240351
451,0.0027613112311044574
452,0.029927582647692574
453,-0.1715546316283394
454,0.17205277647734185
455,-0.13510979178670546
456,0.05892093683271682
457,-0.005557376754000032
458,0.13806473407207598
459,-0.18349852324049287
460,0.29747522316889174
461,-0.12019275326015055
462,-0.13255286889065943
463,0.04627285707022821
464,0.08441238237823612
465,-0.06305421510642617
466,0.10640440173366272
467,-0.21380426568219413
468,0.1097557084420746
469,0.05764495783410695
470,-0.03888839754779028
471,0.018150842629390596
472,-0.213836537524573
473,0.06329915011523823
474,0.12392635717826472
475,0.13433857750220213
476,-0.03631409750584602
477,-0.07741352999805251
478,0.020858367456531468
479,0.00016135921188720204
480,-0.06306662735349455
481,-0.05310621282283812
482,0.06763185182517617
483,0.16311430362196688
484,-0.30095727221308977
485,0.3402047974427198
486,-0.09826858752203016
487,-0.12855778030097653
488,0.15880973633871598
489,-0.0882924508117533
490,0.006185436455648841
491,0.07470021278894556
492,-0.024075621896608723
493,8.688572947868067e-05
494,-0.03732031700150884
495,-0.010482556390659425
496,0.019822358567905596
497,0.10012959709912295
498,0.016223634401267617
499,-0.07444865791502764
500,-0.11627462060229199
501,0.15492553048951052
502,-0.14177516846232763
503,0.055514188754067106
504,0.08441982972647821
505,0.007607879969665277
506,0.0025825748733208087
507,-0.08748896468487288
508,0.04930806521997155
509,-0.04667666884151345
510,0.023542722755811596
511,0.0606809934669883
512,-0.190067084388982
513,0.1654651832166838
514,-0.06617051660368212
515,0.0748483322706246
516,-0.05794450673001883
517,0.08585716793697351
518,0.022214612319515936
519,-0.16201954343055114
520,0.13585204416138552
521,0.03276253987806754
522,-0.16982270942075672
523,-0.013156154409148968
524,0.11725601560381627
525,0.034189948290910266
526,-0.04076099188881166
527,0.023341644353308766
528,0.08207060509803732
529,-0.004777887638116596
530,0.002968182015573362
531,-0.0008481702163258831
532,-0.06123871710191864
533,0.025473240916486617
534,0.00918920024615133
535,-0.06017540126974197
536,-0.09026020571363169
537,0.05771198396827515
538,0.035302913111356915
539,-0.05496887736620337
540,0.001641726545551947
541,0.04667087645954915
542,-0.05847078600571187
543,-0.018452873974714734
544,0.12982879440075834
545,-0.12472156847376503
546,0.2591040025822764
547,-0.1656861212144971
548,0.029392201057484968
549,0.09395326295798867
550,-0.28528225913223615
551,0.2289488620716682
552,-0.04935936917451933
553,-0.0737179903042815
554,0.07956664112281508
555,-0.12488458265193003
556,0.006885487190297468
557,-0.09523006943973655
558,0.26027240877296265
559,-0.06989667317355241
560,-0.003841176726037787
561,0.03762731324566104
562,0.05517574815067405
563,-0.028576302683534394
564,-0.07158142884227559
565,0.03681472480426429
566,-0.0895585000127106
567,0.01829151476282931
568,0.19503446566567284
569,-0.05828956719851597
570,-0.013117262701667798
571,-0.03583994966784054
572,-0.07445776022954576
573,0.04418759956277185
574,-0.007125457300281468
575,-0.01466382868636451
576,0.09337733469402387
577,-0.015080052704718128
578,-0.031926781908808266
579,-0.04564479736857763
580,-0.00523796826277767
581,0.09802778992890815
582,-0.09278320180102817
583,0.08805082573549505
584,-0.19945984548705376
585,0.18049144951743834
586,0.035826709937635925
587,-0.05023153640184397
588,0.09585812914138714
589,-0.08703881385786616
590,-0.02682203843122899
591,0.001798948341749096
592,-0.05053356774716988
593,0.17518397267107844
594,-0.1427954551713313
595,0.1415376808017541
596,0.0017840536452684574
597,-0.018305581976171936
598,-0.016638203453345213
599,-0.012433761629779383
600,0.09458877000788135
601,-0.07429640101766033
602,0.045558739122238734
603,-0.029566799999576787
604,-0.11532715240941904
605,0.08067381356129744
606,0.11771526874533933
607,-0.0968602112213599
608,-0.06583786838225336
609,0.041708460081684606
610,0.04643587124838966
611,0.05260393055814383
612,-0.06149771932407333
613,-0.03620321476537214
614,0.015329952612358255
615,0.04420497670866652
616,-0.0075449912511871275
617,-0.030019433275995766
618,0.013131329915012202
619,0.07000093604892577
620,-0.07918434391311457
621,-0.008681953082632532
622,0.018909644666825542
623,0.06008520560771302
624,-0.11583605453921386
625,0.03786811083878305
626,0.09652094313483062
627,0.039229320600595585
628,-0.15012861073922146
629,0.002135733978867904
630,0.014323733116695436
631,0.09473109710759609
632,-0.05755807210463004
633,-0.03268392897996897
634,0.11553981557585402
635,-0.03472615736425588
636,0.016450364781047
637,-0.02548399819727898
638,0.025957318552146447
639,0.07583965706980322
640,-0.01694271724808516
641,0.0038552439393821913
642,-0.056638738338445904
643,0.06042116376169204
644,-0.24760612438143959
645,0.029582522179197213
646,0.11214547974427092
647,-0.06358132186525545
648,0.0804230861705193
649,0.026837760610849415
650,-0.12047327004389174
651,0.1209929294544807
652,-0.09075421314694587
653,0.1055396818545784
654,-0.046768519469818415
655,0.08933507956548326
656,0.08825107665485987
657,-0.21392838815287618
658,0.09299338251804734
659,0.0718238814016754
660,-0.08544839126686199
661,0.04439612531351678
662,-0.052171984360171564
663,0.060194433381914436
664,0.029872141277452968
665,0.0017890185440965212
666,-0.13842386175391574
667,0.1051714518582223
668,-0.0859903927221719
669,0.15194245377745297
670,-0.049773110743458915
671,-0.055678857898504575
672,0.16740149375932134
673,-0.14278138795798867
674,-0.0028531618594094255
675,0.012879775041096053
676,0.04353306040070848
677,0.051260925425365755
678,-0.2296712548510378
679,0.22352967500169463
680,-0.061244509483882936
681,-0.041494141948973606
682,0.04654840895514312
683,0.059755867318838085
684,-0.11493575288520219
685,0.10267659019751463
686,-0.12405958196346134
687,0.045935243949971394
688,0.09923095041138552
689,-0.10361330110959521
690,0.059492727680991564
691,0.015570750205482042
692,0.025738035520607383
693,0.011515255346731479
694,-0.005470491024521351
695,-0.06333473189016736
696,0.04283218218292362
697,-0.06851891374898322
698,0.022986654087159053
699,0.08685925001694628
700,-0.05983530570007467
701,-0.07347553774488169
702,0.06872495705031412
703,0.09268390382448288
704,-0.030800577358155223
705,-0.048992794144439245
706,0.04518306177764053
707,-0.008380749220444628
708,0.00881269541841867
709,0.06511051070405749
710,-0.0900210630867857
711,0.03873862309983345
712,0.024569629329921128
713,-0.01571390478833301
714,-0.0003160985586703191
715,-0.09749902820380285
716,0.07726789296578396
717,0.03179355712361165
718,-0.08898422671502182
719,-0.0338109610137618
720,0.13585866402648783
721,-0.11212148273327216
722,0.07737381080743155
723,-0.02086746977104781
724,0.07695924175535573
725,-0.022669728045350723
726,-0.06501121272751043
727,0.09525489393387332
728,-0.09781678172874919
729,0.0181433952811485
730,0.012401489787402298
731,0.09601700590386031
732,-0.1391156376571825
733,0.14604580893692365
734,-0.09157093900403268
735,0.02223695436423867
736,0.0151172894459215
737,0.052600620625593564
738,-0.048135521613595245
739,0.08016739388091487
740,-0.027290393887268394
741,-0.04886784419061918
742,0.04005101135651046
743,-0.035916078116525085
744,0.025809199070463862
745,-0.020948563118560415
746,0.04077919651784612
747,-0.006318661240849011
748,0.007958732820126713
749,0.06890038347554572
750,-0.038320744115205585
751,-0.061011159239001245
752,-0.04957368730723033
753,0.08910338428687758
754,0.00977754075718451
755,0.0681432364043868
756,-0.026975950294875872
757,-0.0293731689453125
758,-0.000508074646658585
759,-0.016956784461427787
760,0.0525683487832147
761,-0.040319115893183266
762,0.07048749613399785
763,-0.040636041934991596
764,-0.035849879465494894
765,0.08481288421696931
766,-0.07775114311830578
767,-0.05182113150971013
768,0.030558124798755415
769,0.03536083693101055
770,-0.06561196548561199
771,0.11011897353960443
772,-0.0793539779563801
773,-0.014920348459106947
774,-0.034594587545331734
775,0.12137936407986949
776,-0.0548902664681048
777,-0.12643859598486706
778,0.12432685901699791
779,0.043845849026826755
780,-0.007596295205734904
781,-0.021977952142082202
782,-0.013694018448770606
783,0.022251849060721085
784,0.022931212716919447
785,-0.04337170118882128
786,-0.030028535590513883
787,0.052973815520777734
788,-0.020342845461632564
789,0.022120279241796936
790,-0.005312441745186192
791,-0.005814724009880479
792,0.010163147899437064
793,-0.0008572725308422235
794,0.04758193539435318
795,0.004065424656401362
796,-0.08140530865518159
797,0.04863283897945969
798,0.030544057585412787
799,0.03541296836869634
800,-0.02801609659919002
801,0.004436964585309511
802,0.009916557924348979
803,-0.10270472462420344
804,0.04767461350579616
805,-0.023440114846716043
806,0.036698877164960564
807,0.057991673268880106
808,-0.04743464339581038
809,0.05626802589267399
810,-0.06872164711776207
811,0.0025610603117360853
812,-0.04413464064194628
813,0.007001334829599415
814,0.11734372881643118
815,-0.06383039428975756
816,-0.03467402592656832
817,0.06409022399505027
818,-0.008125884413976436
819,-0.022623388989629234
820,0.06016878140463966
821,-0.047929478312262574
822,0.016948509630051234
823,-0.026654886837379266
824,0.025083496358545787
825,0.009114726763742809
826,-0.07363358702421685
827,0.10157355517472233
828,-0.04168198062127182
829,-0.040477165172518426
830,0.02687830728460483
831,0.003516803335989138
832,0.04786576211064464
833,-0.06882177257744537
834,0.004590876448954617
835,0.06318247499279828
836,-0.04326992076286196
837,-0.024846008697974042
838,0.014462750283859904
839,-0.03862112049425548
840,0.14992918730299287
841,-0.03557598254685779
842,-0.05829701454675629
843,-0.026929611239154383
844,0.023301097679551575
845,-0.03125983049967651
846,0.04055991348630705
847,-0.03851354768633186
848,0.004730721099258872
849,0.028119531991423585
850,-0.0069732004029106065
851,0.05798505340377602
852,-0.041491659499559574
853,0.041668740891065426
854,-0.03824544314965728
855,0.02678480169002384
856,-0.008168086054009649
857,-0.0014696100528741596
858,0.025791821924570968
859,-0.016327897276640968
860,-0.009199130043807457
861,0.06075629443253483
862,-0.04559101096461582
863,-0.007932253359713926
864,0.036739423838717755
865,-0.09402359902470891
866,0.03233473109578355
867,0.00893185299027266
868,-0.0391184378601217
869,0.055232844487187904
870,0.07485495213572868
871,-0.030759203201261798
872,-0.064326884172484
873,0.06481344425755786
874,-0.12724704701057554
875,0.04800974417663717
876,0.04645738580997616
877,0.030501855945379575
878,-0.04632747095732803
879,0.030633425764303723
880,-0.04741478380050168
881,0.06337196863137073
882,-0.07954843649377885
883,0.07499231433661535
884,-0.0166175163748985
885,-0.0736848909787664
886,0.10666671388837123
887,-0.0569862812563553
888,0.041158183794994585
889,-0.015206657624814213
890,0.05874964782317704
891,-0.019041214485747915
892,0.051593573646792734
893,-0.06821853736993155
894,-0.04047220027369214
895,-0.005369538081700043
896,-0.0032635934957987445
897,0.052165364495069255
898,-0.04474449571456418
899,0.009179270448498755
900,0.07075477318753443
901,-0.007262819501169915
902,-0.07571718956539897
903,0.07828652470851516
904,-0.029384753709242872
905,0.01375028730214467
906,-0.027832395342580085
907,-0.04632002360908771
908,0.10499768039926849
909,-0.0757651835873947
910,-0.013228972925281468
911,-0.0002358326942957234
912,-0.026071511225172372
913,0.09048197119458301
914,-0.017123936055279287
915,0.01844542662647264
916,-0.0020571230807675533
917,-0.0631708902288679
918,0.07817729693431374
919,-0.06115348633871598
920,0.04535104085463004
921,0.005434081766454213
922,0.02130851828353819
923,-0.03406334337081418
924,0.014741612101325074
925,-0.030782372729120766
926,0.09231981124381505
927,-0.07253551690025084
928,-0.017944799328057925
929,-0.045221126001981915
930,0.048747031652487394
931,-0.008909510945549926
932,0.06514361002957259
933,-0.06999845359951173
934,-0.014262499364493308
935,0.04401879300264255
936,0.059889092104038255
937,-0.0011444091796875
938,-0.0536672463903205
939,-0.02096345781504283
940,0.030171690173366628
941,-0.005595440978341415
942,0.04671721551526886
943,-0.05563169135964685
944,0.004301257350698862
945,0.024260150636354894
946,-0.03497688475503402
947,-0.05634498182449832
948,0.027480715008982415
949,0.022315565262337245
950,0.02660110043341568
951,0.04345858691829996
952,0.02079299628863751
953,-0.05827798243458382
954,-0.036469664335768925
955,-0.004283052721664404
956,0.06168224806382128
957,-0.0009747751364219681
958,-0.07354752877787796
959,0.007431626061297436
960,0.1039798761396753
961,-0.11440864612637291
962,0.0732562547133444
963,-0.10181766270039638
964,0.08603921422730743
965,0.06271742946930914
966,-0.06768646571227599
967,0.06703689144904068
968,-0.03091477003118115
969,-0.02194899023225716
970,-0.06367317249356041
971,0.04104316363882887
972,0.052982917835294074
973,-0.044721326186703436
974,-0.028193177990695872
975,0.07072332882829357
976,-0.04954555288054152
977,0.010163975382575074
978,-0.032243707950616596
979,-0.004555294674027266
980,0.02533670619873618
981,0.023910125269031468
982,-0.013601340337327628
983,0.027095935349867872
984,-0.02333419700506667
985,-0.04139153403987628
986,0.07382225317965307
987,-0.05736857846605581
988,0.06349029872008849
989,0.011413474920773936
990,-0.02764124673772983
991,0.026277554526505043
992,-0.06878453583624378
993,-0.02257125755194167
994,0.0719777932653205
995,0.03320689832310819
996,-0.03681472480426429
997,0.007663321339903106
998,-0.043791235139726936
999,0.04286279905902646
1000,0.037080346891523064
1001,-0.04970111971046265
1002,0.008823452699211032
1003,-0.01306513126398201
1004,0.02309339941194466
1005,-0.018177322089801606
1006,0.016423057837496202
1007,0.01569735512557635
1008,-0.04207503511176469
1009,-0.08667885869288838
1010,0.10575151753787537
1011,-0.009217334672840138
1012,0.051687906724511734
1013,-0.07088468804018078
1014,-0.010854923802705585
1015,-0.018130983034080117
1016,0.02451832537537335
1017,0.004069562072091415
1018,-0.022091317331971894
1019,0.04303326058543
1020,0.028223794866796936
1021,2.3169527860744665e-05
1022,0.006574353530453436
1023,-0.058444306545299085
1024,-0.018451219008438713
1025,0.04699359488332
1026,-0.007987694729951755
1027,0.04512017305916238
1028,-0.010697702006508436
1029,-0.0061920563207529256
1030,-0.027785228803720585
1031,0.05660315656351678
1032,-0.03280970641692704
1033,0.04901348122288418
1034,-0.03590945825142278
1035,0.016027520897589298
1036,-0.01730349989619917
1037,-0.021244802081922032
1038,-0.03206083417714467
1039,0.009509436220511702
1040,0.03078982007736286
1041,0.005214798734916926
1042,0.023495556216953872
1043,0.014000187209784798
1044,-0.0009433307771828936
1045,-0.04479000728714766
1046,0.08143178811559437
1047,-0.14605987615026628
1048,0.03356850845436199
1049,0.04670563075133849
1050,0.004487441056721053
1051,0.040887596808907745
1052,-0.030042602803858287
1053,0.006824253438093564
1054,-0.003470464280267649
1055,-0.023773590551281032
1056,0.026501802456870394
1057,-0.020285749125118713
1058,-0.011473881189838053
1059,0.02339046585844251
1060,0.033544511443363234
1061,-0.00844860283775084
1062,-0.024874970607799085
1063,-0.03122424872474916
1064,-0.012830953535960532
1065,0.07641062043494173
1066,-0.011515255346733255
1067,0.02759573516514635
1068,-0.0709202698151099
1069,0.07343995596995434
1070,-0.04091076633676849
1071,0.013322478519862457
1072,-0.05633587950998198
1073,-0.012937698860747915
1074,0.03701001082480282
1075,-0.028122014440837617
1076,0.08664244943482124
1077,-0.05783445147268118
1078,-0.014082108040435415
1079,0.060844835128287755
1080,-0.025785202059466883
1081,-0.013773456830005415
1082,-0.06985447153352098
1083,0.05354643385219049
1084,0.015400288679076723
1085,-0.022639938652385894
1086,0.04304898276504865
1087,0.034188293324634245
1088,-0.08780340827726718
1089,0.02862926160435819
1090,0.022872461414129575
1091,0.003714571805941702
1092,-0.03584905198235866
1093,0.07137538554094469
1094,0.012069669049111553
1095,-0.037567734459734936
1096,0.03949163275530587
1097,-0.03903403458005705
1098,0.008866481822378702
1099,-0.01292197668112749
1100,0.0025991245360792448
1101,0.0048176068287357765
1102,0.001126204550654819
1103,-0.0017641940499597553
1104,0.0026065718843213403
1105,-0.014700237944431649
1106,-0.006657929327380074
1107,-0.006524704542179904
1108,-0.005120465657199702
1109,-0.06835507208768199
1110,0.027635454355763756
1111,0.06064127427637089
1112,-0.06150847660486747
1113,0.03303809176298067
1114,0.016256733726782713
1115,-0.013366335126169915
1116,0.01942020176289816
1117,-0.050212504289673277
1118,0.03375469216038418
1119,0.012581881111460191
1120,0.030496063563415277
1121,-0.04511520816033432
1122,0.019600593086954277
1123,0.016639030936483223
1124,0.0014389931767730957
1125,0.04292817022691864
1126,-0.05801980769556714
1127,0.03598724166638334
1128,-0.03122424872474916
1129,0.026522489535317106
1130,0.018202146583938372
1131,-0.023544377722087617
1132,-0.06178071855723033
1133,0.05187657287994796
1134,0.02925483885659652
1135,-0.008074580459430436
1136,-0.015144596389472298
1137,-0.0027058698608666276
1138,0.01608875464979498
1139,-0.04979710775445767
1140,0.05220508368568666
1141,-0.018556309366950074
1142,0.005151082533300766
1143,-0.053077250913013074
1144,0.030419107631592723
1145,0.03748333117967029
1146,-0.006441956228393053
1147,0.025100046021302447
1148,-0.050401170445107724
1149,0.021590690033553628
1150,0.056184450095750904
1151,-0.031630542945448425
1152,-0.051373463132117436
1153,0.050655207768437904
1154,-0.07153674475283012
1155,0.046968770389183234
1156,-0.030928009761387543
1157,-0.01727950288520219
1158,0.059205591032148064
1159,-0.0064121668354282235
1160,-0.016289005569159798
1161,0.0023103329209597234
1162,0.007008782177839734
1163,0.0010906227757256914
1164,0.029309452743694564
1165,-0.01812353568583802
1166,0.0033446868433095744
1167,-0.007468035319364574
1168,-0.028206417720902266
1169,-0.005925606750356138
1170,0.013550863865917862
1171,0.0035300430661937554
1172,-0.036286790562297
1173,-0.003170087901215979
1174,0.05783445147268118
1175,0.008963297349511734
1176,-0.05126589032419382
1177,0.008898753664757564
1178,0.03671873676027104
1179,0.0032660759452092236
1180,-0.024965993752964266
1181,0.03632154485408634
1182,0.015145423872610309
1183,-0.052188534022928224
1184,0.0017766062970281382
1185,0.033775379238830894
1186,-0.005294237116153511
1187,-0.03717798990179233
1188,0.07400595443626301
1189,-0.07655956739976055
1190,0.03781432443482302
1191,-0.0109426370153205
1192,-0.021812455514506723
1193,0.023889438190584755
1194,0.026054134079277702
1195,-0.002227584607171096
1196,-0.04310856155097653
1197,0.03289741962954196
1198,0.03455073093902428
1199,-0.005792381965157745
1200,0.031091023939550766
1201,-0.03786645587250881
1202,-0.0016177295345531917
1203,0.00937786640158933
1204,0.009401035929450074
1205,-0.03896783592902686
1206,0.015040333514098947
1207,0.0226010469449065
1208,-0.006174679174858255
1209,-0.02714972175382968
1210,0.002003336676807521
1211,-0.007821370619238266
1212,0.006998024897047372
1213,0.01662579120627683
1214,-0.005846995852257564
1215,-0.003930544904926947
1216,0.01787363577819967
1217,-0.043307157504067106
1218,-0.00830213832234783
1219,0.03765793012176388
1220,0.028995009151302042
1221,0.019692443715259245
1222,-0.03978869920180372
1223,0.032085658671281436
1224,-0.0014861597156308193
1225,-0.03843741923764554
1226,0.026304033986916053
1227,-0.03765296522293582
1228,0.051974215890219
1229,-0.023600646575465234
1230,0.03586725661139134
1231,-0.012140832598969808
1232,-0.040976137504658894
1233,0.032966100729984404
1234,-0.0495968568350893
1235,0.022697034988899745
1236,0.021171156082649745
1237,-0.038943838918028106
1238,0.011274457753609468
1239,-0.008149053941838957
1240,-0.025747965318261734
1241,0.058977205686094436
1242,-0.027926728420299085
1243,0.036811414871712245
1244,0.010557857356205957
1245,-0.026112057898929564
1246,-0.007171796356002957
1247,0.047902998851851564
1248,-0.04476187286046063
1249,-0.03326068472707
1250,0.03059205160740852
1251,0.04652441194414436
1252,-0.050210849323397255
1253,0.007199930782689989
1254,-0.00011419267302770209
1255,0.047827697886303255
1256,-0.039758909808838894
1257,-0.001122067134964766
1258,0.008732429554044074
1259,0.0023624643586455107
1260,-0.0018767317567096597
1261,-0.02276902602189601
1262,0.05831935659147902
1263,-0.007803165990205585
1264,-0.0572262513663393
1265,0.04070720548484985
1266,-0.0646487751131204
1267,0.019744575152945032
1268,0.041018339144692106
1269,0.00156477061373117
1270,-0.011416784853325979
1271,-0.04083877530377222
1272,-0.018455356424128766
1273,-0.04886453425806714
1274,0.0902684805450118
1275,-0.0946715183216682
1276,0.10899690640463966
1277,-0.006053039153590234
1278,0.02615508702209901
1279,-0.003279315675415617
1280,-0.031074474276794106
1281,0.008154846323803255
1282,0.022242746746204745
1283,-0.01591167325828735
1284,0.023264688421486213
1285,-0.03639188092080836
1286,0.005768384954158989
1287,-0.013279449396691234
1288,0.004178789846291053
1289,-0.02927966335073151
1290,0.058890319956615755
1291,0.002954114802230734
1292,0.004562742022267585
1293,0.014186370915808766
1294,-0.03384323285613888
1295,0.00979740035249499
1296,0.0188120016565545
1297,-0.016319622445260862
1298,0.009415930625930713
1299,-0.01500557922230783
1300,0.026021034753762606
1301,-0.0348080781949065
1302,0.0586321452175973
1303,-0.07850415277377643
1304,0.03246961084725797
1305,-0.006174679174858255
1306,0.01674908619382265
1307,0.006358380431466415
1308,-0.024962683820414
1309,0.024008595762438745
1310,0.00856693292646682
1311,-0.027883699297127862
1312,0.05005362752719833
1313,-0.014948482885793979
1314,-0.018063129416773904
1315,0.040291808949634245
1316,-0.014122654714192606
1317,0.0048109869636316915
1318,0.018232763460040324
1319,-0.016236046648335112
1320,-0.06284899928823329
1321,0.06181547284902145
1322,-0.04472380863611747
1323,-0.0022151723601044893
1324,0.025414489613696745
1325,-0.005027787545756723
1326,0.005461388710005011
1327,0.005357125834633436
1328,-0.00045925314152306385
1329,-0.034237114829769766
1330,0.03372159283487086
1331,0.010350986571735277
1332,-0.019819048635353553
1333,-0.019811601287113234
1334,0.002553612963495766
1335,0.017359768749576787
1336,-0.002789445657793266
1337,-0.012821023738306181
1338,0.018073886697566266
1339,0.03722763889006586
1340,-0.020522409302552447
1341,-0.01706187481993915
1342,0.004929317052349447
1343,0.018210421415314926
1344,0.009317460132525213
1345,0.00973285666773993
1346,-0.0023831514370931117
1347,0.02480463454107884
1348,-0.010539652727172388
1349,-0.03376875937372947
1350,0.021778528705853617
1351,-0.02261594164138714
1352,0.022494301620119117
1353,-0.05652620063169422
1354,0.05353733153767326
1355,-0.015391186364561271
1356,-0.03183410379736529
1357,0.059308198941244505
1358,-0.038308331868136314
1359,0.04044737577955537
1360,-0.03145925393590687
1361,-0.013285241778657308
1362,0.025376425389353585
1363,-0.005758455156504638
1364,-0.0026942850969362553
1365,0.0017873635778205
1366,0.018722633477664452
1367,0.013405226833649309
1368,-0.008054720864119957
1369,-0.02380751735993325
1370,0.0027240744898993086
1371,0.03436785716555324
1372,-0.008548728297434138
1373,-0.027935830734816314
1374,-0.009731201701463021
1375,0.031071164344241176
1376,-0.0022548915507218936
1377,0.0008001761943292607
1378,0.0290653452180214
1379,-0.05516085345419253
1380,0.03019154976867533
1381,-0.03210717323286616
1382,0.005155219948989043
1383,0.045447028898624175
1384,-0.043109389034113654
1385,0.0006545391620615959
1386,0.003968609129271883
1387,0.007863572259269702
1388,0.024985853348274745
1389,0.015197555310296984
1390,0.010325334594461388
1391,-0.03791444989450543
1392,0.016196327457717707
1393,-0.01133155409012332
1394,0.009429170356137995
1395,-0.008315378052552447
1396,-0.022206337488136718
1397,0.008378266771030596
1398,0.02795072543129784
1399,0.018341991234239075
1400,-0.01195547637608474
1401,-0.026577103422416926
1402,0.012912046883473138
1403,0.0071122175700750745
1404,0.006438646295841011
1405,0.035389798840835596
1406,-0.018018445327328436
1407,-0.028179938260490367
1408,-0.01683845437271181
1409,0.06115348633871687
1410,-0.005343058621289032
1411,-0.015324987713530192
1412,0.02110247498220552
1413,-0.038875985300721894
1414,0.01057854443465267
1415,-0.015652671036129995
1416,0.01615081588513423
1417,-0.009801537768184154
1418,0.03169674159647862
1419,0.00777668652979191
1420,0.0038155247487630106
1421,-0.040914076269319644
1422,-0.00983380961056124
1423,0.03228756455692494
1424,-0.004194512025911479
1425,-0.03915981201701513
1426,0.031199424230613282
1427,0.013559966180432426
1428,-0.02948322420265015
1429,0.01944502625703315
1430,-0.017639458050179968
1431,0.005290927183602356
1432,-0.0029797667795046223
1433,0.039614927742849027
1434,-0.026269279695126713
1435,-0.006433681397013835
1436,0.005895817357392197
1437,0.017208339335344824
1438,-0.043370873705684154
1439,0.033666978947769266
1440,0.026031792034554968
1441,-0.032257775163961
1442,-0.020444625887590995
1443,-0.026337960795570048
1444,0.022718549550484468
1445,-0.018602648422671564
1446,0.043426315075921984
1447,-0.06052294418765225
1448,0.062350026956090154
1449,0.009566532557026441
1450,-0.07617809767319628
1451,0.030520888057551154
1452,0.04362739347842659
1453,-0.04925758874856001
1454,-0.0030517578125
1455,0.023098364310771835
1456,0.03570920733205618
1457,0.013096575623221085
1458,-0.0017766062970281382
1459,-0.03586725661139134
1460,0.004808504514218548
1461,0.01422691758956418
1462,-0.04711606238772692
1463,0.03448866970368414
1464,-0.005714598550197181
1465,0.04774577705565353
1466,-0.01698988378694377
1467,-0.03295451596605581
1468,0.058081041447770154
1469,-0.01588188386532341
1470,-0.022660625730833495
1471,0.03593511022869844
1472,0.0010095294282130851
1473,-0.03512417675357593
1474,0.018879855273860713
1475,0.002813442668791133
1476,0.01412348219732884
1477,-0.010480901424382516
1478,-0.040794091214326755
1479,0.07415572888421895
1480,-0.014136721927535234
1481,0.007715452777588894
1482,-0.013953020670925298
1483,-0.010113498911165308
1484,0.022112004410419495
1485,0.005766729987882968
1486,-0.052274592269268894
1487,0.024230361243390952
1488,0.012971625669401021
1489,0.001613592118864915
1490,-0.028914743286927447
1491,0.02420967416494424
1492,0.0012718415829207075
1493,-0.018362678312686675
1494,-0.003884205849206346
1495,0.0036276860764639096
1496,0.00011336518988969146
1497,0.028625124188669027
1498,-0.016720951767132952
1499,-0.02181824789647191
1500,0.008152363874390112
1501,0.05319227106917701
1502,-0.03194167660529068
1503,0.0165231832971795
1504,-0.03212868779445177
1505,0.01944750870644718
1506,-0.020155006789333463
1507,0.012213651115102309
1508,-0.00045180579328185644
1509,0.007897499067922809
1510,0.015959667280283973
1511,-0.010074607203684138
1512,0.012519819876118277
1513,0.023266343387761346
1514,-0.0434403822892655
1515,-0.017007260932840218
1516,0.03393839341699412
1517,0.013959640536029383
1518,-0.02022865278860486
1519,-0.026746737465682457
1520,0.027608974895352745
1521,-0.009109761864916521
1522,0.004254918294977372
1523,-0.005837893537741223
1524,-0.009123001595122027
1525,0.005128740488577144
1526,-0.006365000296569612
1527,-0.008402263782029351
1528,0.04910781430060318
1529,-0.0063616903640184574
1530,0.0312540381177131
1531,-0.029297040496627957
1532,-0.03385647258634439
1533,0.01404983619805833
1534,0.009891733430212213
1535,-0.015736246833055745
1536,-0.008181325784216043
1537,0.02137306196829236
1538,-0.002604916918045319
1539,0.004949176647658149
1540,-0.010418840189042378
1541,0.025849745744221053
1542,-0.0009383658783548299
1543,0.0018899714869169415
1544,0.00023831514370886708
1545,-0.00540429237349116
1546,-0.0485873274068771
1547,0.026016897338072553
1548,-0.015560820407825915
1549,0.012417211967020947
1550,-0.012538024505151846
1551,-0.030314844756219372
1552,0.045227745867086
1553,-0.032812188866340186
1554,0.029757121121289032
1555,0.004291327553043622
1556,-0.10429845714775965
1557,0.08349387609518999
1558,-0.002831647297823814
1559,-0.014922003425382968
1560,0.013583963191432069
1561,-0.0011162747529995798
1562,0.01044780209886742
1563,-0.009914075474935835
1564,-0.0003434055022193405
1565,0.0013909991547755851
1566,-0.007501134644878782
1567,0.029235806744424053
1568,0.020390839483629186
1569,0.00042532633287084565
1570,-0.020083015756338085
1571,0.04311766386549287
1572,-0.009069215191161106
1573,-0.002812615185652234
1574,-0.03178528229223154
1575,0.013516937057262979
1576,-0.04353554285012162
1577,-0.023440942329854053
1578,0.04055908600316904
1579,0.02029402395649793
1580,-0.0034141954268918084
1581,0.008301310839208043
1582,0.01723233634634358
1583,-0.0033612365060671223
1584,-0.006438646295841011
1585,0.025218376110018426
1586,-0.04174900675544002
1587,-0.008169741020284782
1588,0.024622588250744926
1589,-0.0341378168532227
1590,0.019833943331835968
1591,0.012418039450159846
1592,-0.012372527877576367
1593,-0.007088220559076319
1594,-0.01194720154470641
1595,0.009808157633287351
1596,0.011879347927399309
1597,-0.01700726093283933
1598,-0.01619880990713085
1599,0.04792368593029739
1600,0.023991218616543186
1601,-0.01529519832056625
1602,0.01665558059924077
1603,-0.02406155468326343
1604,0.0005047647141065426
1605,-0.002258201483273936
1606,0.012631530099732835
1607,-0.019171129338395154
1608,-0.024771535215563745
1609,0.034663268645776846
1610,0.017712276566312468
1611,0.0064005820714996275
1612,0.00022259296408932983
1613,-0.014819395516286527
1614,-0.009850359273318787
1615,0.03701994062245806
1616,0.0008647198790843191
1617,0.0029309452743699893
1618,-0.004602461212886766
1619,-0.00016466914443835634
1620,-0.007465552869949654
1621,-0.008489976994644266
1622,0.012781304547687888
1623,-0.02567762925154149
1624,0.015468142296382936
1625,0.03819248422883348
1626,-0.04824805932034604
1627,0.008600859735120814
1628,0.0011841283703049044
