9.239943994617255
9.21868512532199
9.21868512532199
9.148241485794298
9.148241485794298
8.958874452139963
8.958874452139963
8.369041989009965
8.369041989009965
7.981093896961005
7.981093896961005
7.814379214206124
7.814379214206124
7.760197273304043
7.760197273304043
7.83202777457082
9.25041993114281
9.188205611421331
9.188205611421331
9.059840634691481
9.059840634691481
8.681771863825666
8.681771863825666
8.142975250707531
8.142975250707531
7.917213853682974
7.917213853682974
7.980654503414791
7.980654503414791
7.790606451137981
7.790606451137981
7.724449174264506
7.724449174264506
7.7910268125720235
7.7910268125720235
7.71110104376737
7.71110104376737
7.7036239061334895
7.7036239061334895
7.786764446928806
7.786764446928806
7.697897722819363
9.24554191804501
9.217745931960497
9.217745931960497
9.151779803691872
9.151779803691872
8.953293078374966
8.953293078374966
8.274040304916282
8.274040304916282
7.843384980638218
7.843384980638218
7.8036351731438955
7.8036351731438955
7.786229065338597
7.786229065338597
7.912339150517726
7.912339150517726
7.869746110961649
7.869746110961649
9.24072596618255
9.180021803187703
9.180021803187703
9.02736854139481
9.02736854139481
9.235326638707887
9.19446965877508
9.19446965877508
9.090656934229257
9.090656934229257
9.249558521196278
9.206775988001626
9.206775988001626
9.083681251376932
9.083681251376932
8.678085426446414
8.678085426446414
9.24222867556094
9.186016091038503
9.186016091038503
9.059125689260354
9.059125689260354
9.243211725528742
9.191797715722867
9.191797715722867
9.1035573963488
9.1035573963488
8.805334955906401
8.805334955906401
8.176768007092258
8.176768007092258
7.891906936877202
7.891906936877202
7.79311620749517
7.79311620749517
7.809800750004237
7.809800750004237
7.744566944312635
7.744566944312635
7.722600576934483
7.722600576934483
7.623008843874983
7.623008843874983
7.912664351390912
7.912664351390912
7.808931065226325
7.808931065226325
7.784776004948481
7.784776004948481
7.768453072570668
7.768453072570668
7.679381132643031
7.679381132643031
7.678668669661317
7.678668669661317
7.638556424552602
7.638556424552602
7.612870520469682
7.612870520469682
9.24339956420104
9.202891782152419
9.202891782152419
9.101705489086225
9.101705489086225
8.80815336347402
8.80815336347402
9.247795982112594
9.200644337949939
9.200644337949939
9.08212889301027
9.08212889301027
8.805664294195278
8.805664294195278
8.179161088327007
8.179161088327007
9.243915913679077
9.203807805986052
9.203807805986052
9.092196880348851
9.092196880348851
8.735660875696938
8.735660875696938
8.234034805132355
8.234034805132355
7.887532861010371
7.887532861010371
7.658683296915248
7.658683296915248
7.731877490393251
7.731877490393251
7.664270463062211
9.24249760758075
9.195085306229663
9.195085306229663
9.119875363827786
9.119875363827786
8.905946975674908
8.905946975674908
8.22381952579523
8.22381952579523
7.814827710066854
7.814827710066854
9.24545668728181
9.19959012443228
9.19959012443228
9.110586865605088
9.110586865605088
8.84922714398895
8.84922714398895
8.3078371987167
8.3078371987167
7.848259683803467
7.848259683803467
7.773729105057789
7.773729105057789
7.735765833658148
7.735765833658148
7.796403798001966
9.237876114255693
9.180389205700921
9.180389205700921
9.066606136826785
9.066606136826785
8.735885123627304
8.735885123627304
8.065135566893472
8.065135566893472
7.681201595546366
7.681201595546366
9.230916981066127
9.175081728854561
9.175081728854561
9.059100037283079
9.059100037283079
8.739541771613593
8.739541771613593
8.1186282143417
8.1186282143417
8.151382479388387
8.151382479388387
7.723705266923552
7.723705266923552
7.730173702612357
7.730173702612357
7.659227780819973
7.659227780819973
7.653362580338682
7.653362580338682
9.237875286772555
9.202909986781453
9.202909986781453
9.089712775968936
9.089712775968936
8.717722696233984
8.717722696233984
8.016550721936008
8.016550721936008
7.71590127345021
7.71590127345021
7.792384712401284
7.792384712401284
7.67505753324761
7.67505753324761
7.831469223452752
7.831469223452752
7.706833713225325
7.706833713225325
9.239869521134846
9.200089924247559
9.200089924247559
9.091648259028435
9.091648259028435
8.763045602661927
8.763045602661927
8.207929367098528
8.207929367098528
7.880486842091326
7.880486842091326
9.243761174332294
9.182545626758236
9.182545626758236
9.060604401627744
9.060604401627744
8.68951296858053
8.68951296858053
9.236542211437431
9.197369159690211
9.197369159690211
9.117013927136998
9.117013927136998
8.89716903454828
8.89716903454828
8.247090834081819
8.247090834081819
7.8918597703383435
9.241547656938465
9.20973589518582
9.20973589518582
9.122213831175433
9.122213831175433
8.870981675683804
8.870981675683804
8.358079492399336
8.358079492399336
7.967157425952836
7.967157425952836
7.978810043500457
7.978810043500457
7.759333380908097
7.759333380908097
9.243310196022149
9.208116510684992
9.208116510684992
9.096124115321228
9.096124115321228
8.764363783300569
8.764363783300569
8.225732666810009
8.225732666810009
9.237099107589225
9.196419209047924
9.196419209047924
9.09837073204057
9.09837073204057
8.795764285933686
8.795764285933686
8.12239326261905
8.12239326261905
8.032349857487544
8.032349857487544
7.810066372091495
7.810066372091495
7.759330070975545
7.759330070975545
7.804667044616831
7.804667044616831
9.2386233315292
9.187426949788588
9.187426949788588
9.067913560184635
9.067913560184635
8.677062657287994
8.677062657287994
8.127940709575396
8.127940709575396
7.918460043288621
9.245016466252457
9.209035016968038
9.209035016968038
9.111775131391083
9.238270823712462
9.190097237874525
9.190097237874525
9.0859808270171
9.0859808270171
8.755661970622628
9.237309288306246
9.18575129643438
9.18575129643438
9.055044542424332
9.055044542424332
8.644198336983967
8.644198336983967
8.125490532004134
8.125490532004134
8.020801502815296
8.020801502815296
7.767267289234086
7.767267289234086
7.639535337104714
7.639535337104714
7.636776508323024
7.636776508323024
7.6471390796586896
7.6471390796586896
7.637474076608256
7.637474076608256
7.675832057464666
7.675832057464666
7.9092526384134345
7.9092526384134345
7.711345151293044
7.711345151293044
7.67358626822846
7.67358626822846
7.752051529294756
7.752051529294756
7.644854398715005
7.644854398715005
